1 3.25 4 3.25 2.75 3.75 2.6666666667 0.5454545455 0.3636363636 0.3
3 1.75 2.75 3 2 1.25 1.3333333333 0.5454545455 0.5454545455 0.3
4 3.25 4 3.75 1.25 1 1 0.8181818182 0.9090909091 0.7
5 2.75 3 3 1.25 1.5 2.3333333333 0.4545454545 0.2727272727 0.3
6 3.25 3.6666666667 4.25 2 1.75 2.3333333333 0.3636363636 0.4545454545 0.3
7 2.75 2 2 2.75 2 2 0.8181818182 0.4545454545 0.3
8 3 3 2.75 2 1.75 2.6666666667 0.7272727273 0.9 0.5
9 3.25 4 2.75 3.25 3.25 3 0.2727272727 0.4545454545 0.5
10 3.5 4 4 2 1.75 1.3333333333 0.8 0.6 0.5
11 2.75 3.25 3.5 1.75 1.5 2 0.8181818182 0.9090909091 0.6
12 3.25 3.5 3.5 1.5 1.5 1.6666666667 0.6363636364 0.5454545455 0.5
13 2 1.5 2 2.25 2.5 3.6666666667 0.3636363636 0.6363636364 0.6
14 3.5 4 3 2.75 2.5 2.3333333333 0.5454545455 0.8181818182 0.5555555556
15 4.75 5 5 1.25 1 1.3333333333 0.8181818182 0.9090909091 0.6
16 3 4 3.75 1.5 1.25 1.6666666667 0.8 1 0.875
17 3.75 4.75 4.5 1.5 1.5 1.3333333333 0.5454545455 0.7272727273 0.6
18 3.25 3.75 3.75 1.5 1.25 1.6666666667 0.6363636364 0.8181818182 0.4
19 2.5 3.5 3 1.5 1.25 1.3333333333 0.7272727273 0.5454545455 0.7
20 4 4 4 2.25 2.6666666667 2.6666666667 0.0909090909 0.7272727273 0.7
21 2.75 3 3 1.5 1.25 1.3333333333 0.4545454545 0.7272727273 0.4
22 1.25 1.75 1.75 2.5 2 2.3333333333 0.4545454545 0.4545454545 0.5
23 3.5 3.5 3.5 1.25 1.5 1.3333333333 0.5454545455 0.8181818182 0.3
24 2.75 4.25 4 2 2.5 3.3333333333 0.8181818182 0.9090909091 0.5
25 5 5 5 1 1 1 0.4545454545 0.5454545455 0.7
27 1.5 1.75 1.5 3.5 2.5 3 0.2727272727 0.5454545455 0.3
29 2.75 3.75 2.5 1.5 1.25 1.3333333333 0.3636363636 0.3636363636 0.6666666667
30 3.5 3.75 3.5 2.75 2.75 2 0.8181818182 0.8181818182 0.5
31 3.75 3.75 4.25 2 2 1.6666666667 0.3636363636 0.5 0.3
32 4.25 4.3333333333 4 1.25 1 1.3333333333 0.5454545455 0.8181818182 0.6
33 1.75 2.5 2.25 1.25 1.25 1.3333333333 0.7272727273 0.9090909091 0.7
35 3 3.25 4 1 1.5 1.6666666667 0.2727272727 0.6363636364 0.5555555556
36 3 4 2.5 1.25 1.25 1.3333333333 0.5454545455 0.8181818182 0.6
37 3.25 3.75 4 1.25 1.5 2 0.4545454545 0.4 0.4
38 3.75 3.75 4 1.25 1.25 1.3333333333 0.7272727273 0.9090909091 0.7
39 4.75 4.75 5 2.5 1.5 1.6666666667 0.9090909091 0.875 0.6666666667
40 2.5 2.5 3 2 2.5 3 0.3636363636 0.6363636364 0.3
42 2.25 4.25 2.75 1.5 1.75 1.6666666667 1 0.9090909091 0.8
43 3 3.75 3.25 2.25 2 2.3333333333 0.3636363636 0.4545454545 0.3
44 4 4.5 5 1 1.5 1.3333333333 0.6363636364 0.6363636364 0.3
45 2.75 3.5 4.75 1.25 1 1 0.7272727273 0.7272727273 0.7
46 3.75 3.75 3.5 1.75 1.25 2 0.5454545455 0.4545454545 0.4
48 2.75 3 3.25 2 2 2 0.5454545455 0.5454545455 0.5
50 4 3.75 4 2 1.25 2.3333333333 0.6363636364 0.7 0.4
51 3 4.25 4 2 1.5 2 0.8181818182 0.7272727273 0.5
52 4 4 4 1.5 1.75 1.6666666667 0.8181818182 0.5454545455 0.3
54 2.75 3.25 3.25 2.25 2 2.6666666667 0.1818181818 0.0909090909 0.3
56 3.75 4 3.5 1.25 1 1.3333333333 0.7272727273 0.8181818182 0.2
58 2.5 3.5 2.75 1.25 1.5 2.6666666667 0.4545454545 0.5454545455 0.4
60 4.25 4.75 5 1.25 1 1 0.5454545455 0.5454545455 0.5
62 1.5 3 1.75 3 2.5 4 0.5454545455 0.5454545455 0.7
63 4 4 4 2.5 2 2 0.3636363636 0.7272727273 0.4
64 3 3.5 3.75 1 1 1 0.9090909091 0.8181818182 0.5
66 3 3.5 3.75 1.25 1.5 2.3333333333 0.2727272727 0.2727272727 0.1
67 3.5 3.5 3.75 2.75 2.5 3.3333333333 0.2727272727 0.3636363636 0.2
69 4.5 5 4.75 1.25 1.5 2 0.9090909091 0.8181818182 0.5
70 2.25 2.5 2 3.25 3.5 4 0.4545454545 0.6363636364 0.8
71 4 4 4 2 2 2 0.5454545455 0.5454545455 0.5
72 1.5 2 1.25 5 4.5 3.6666666667 0.2727272727 0.1818181818 0.1
74 3 4 3.5 1.75 2 2 0.3636363636 0.6363636364 0.6
75 1.75 3.25 2 1 1 1 0.4545454545 0.5454545455 0.7
76 2.5 3.75 4 1.25 1.75 2 0.2727272727 0.3636363636 0.3
77 2.75 3.75 2.5 1.75 2.25 2 0.3636363636 0.4545454545 0.3
78 3.75 4.25 3.75 1.25 1.5 1.6666666667 0.8181818182 0.8181818182 0.7
79 2.75 1.75 2.75 1.75 2 2 0.3636363636 0.0909090909 0.3
80 2.5 2.75 2.5 2.5 3 3 0.1818181818 0.5454545455 0.6
81 2.75 3 3 2 1.5 2.3333333333 0.4545454545 0.7272727273 0.6
82 1.25 1.25 2 1.75 1.25 2.6666666667 0.7272727273 0.7272727273 0.2
83 2.5 3 2.5 2.25 2 3 0.4545454545 0.6363636364 0.6
84 4.5 4.5 4.5 1.25 1 1.3333333333 0.7272727273 0.3636363636 0.6666666667
85 2.5 2.75 2.5 2 1.75 2 0.1818181818 0.3636363636 0.2
86 2 2 2 4 4 3.6666666667 0.4545454545 0.4545454545 0.4
88 3.5 4 4 1.25 1 1.3333333333 1 0.9090909091 0.9
90 3 4.5 3 1.25 1.5 1.3333333333 0.6363636364 0.6363636364 0.6
91 4 4.75 4.25 1.75 1.25 2 0.2727272727 0.5454545455 0.3
92 3 2.5 2.5 2.5 2.75 3 0.9090909091 0.4545454545 0.5
93 3 3 2.5 2.25 1.25 1.6666666667 0.5454545455 0.8181818182 0.3
94 2.75 4.25 3.75 2 1.75 1.6666666667 0.4545454545 0.6363636364 0.4
95 2 2.5 2 1.25 1.5 2.6666666667 0.8 0.7272727273 0.3
96 3 3.75 3.5 1.5 2.25 2.3333333333 0.4545454545 0.1818181818 0.4
97 3.25 4 4 1.5 1.75 1.6666666667 0.5454545455 0.6363636364 0.5
99 4.25 4 3.75 1.25 1.75 2 0.2727272727 0.4 0.3
102 3.5 4.75 4.75 1.25 1 1 0.8181818182 0.7272727273 0.2
103 3 2.75 3 2.5 3 3 0.4545454545 0.4545454545 0.2
104 2.25 2.5 3 2.25 1.5 3.6666666667 0.5454545455 0.5454545455 0.3
105 3.75 4 4 1.75 1.75 2 0.7272727273 0.9090909091 0.8
106 2 3 2.75 1.75 1.75 2.6666666667 0.6363636364 0.7272727273 0.5
107 3 3 3 1.5 1.75 1.6666666667 0 0.4545454545 0.2
108 2.75 3.75 3.25 1.25 2 2.3333333333 0.2727272727 0.2727272727 0.4
109 2.25 2.5 2.25 2 1.5 2.5 0.2727272727 0.1818181818 0.1
111 3.25 4 4.25 2 1.25 1.3333333333 0.6363636364 0.8 0.6
112 2.75 3.75 2.5 1.5 2.5 2.3333333333 0.3636363636 0.8181818182 0.7
113 3 4.5 4.75 1.25 1 2.3333333333 0.5454545455 0.5454545455 0.4
114 4 4 3.75 2 1.5 2 0.5454545455 0.7272727273 0.6
115 2.5 2.5 2.75 1.25 1.25 2.3333333333 0.3636363636 0.6363636364 0.6
117 3.25 3.5 3 2.25 2.25 2.6666666667 0.1818181818 0.1818181818 0.2
118 3.75 4 4 1.25 1.75 1.6666666667 0.4545454545 0.2727272727 0.5
119 2.5 2.75 2.5 3 3.75 3.6666666667 0.6363636364 0.7272727273 0.7
120 2.5 4 3.75 1.5 1.75 2 0.5454545455 0.8181818182 0.4
121 2.5 2.75 2.25 1.5 2.5 2.6666666667 0.5454545455 0.9090909091 0.5
122 2.5 2.75 3 1.25 1 1.6666666667 0.5454545455 0.6363636364 0.3333333333
124 3.5 4 4 1.75 1.25 1 0.2727272727 0.5454545455 0.2
125 3 3 4 1.75 1.5 2 0.5454545455 0.6363636364 0.5
126 4 4.25 3.5 2 1.75 2.3333333333 0.6363636364 0.7272727273 0.3
127 3.75 4.25 3.75 1.75 1.5 1.6666666667 0.5454545455 0.7272727273 0.8
128 4.25 4.5 4.75 1.25 1.25 1 0.5454545455 0.6363636364 0.5
129 4 4 4 2.5 1 1.6666666667 0.9090909091 0.8 0.8888888889
130 3.5 3.25 3.25 1.25 1 1.3333333333 0.7272727273 0.4545454545 0.4
131 4.75 5 5 1.5 1.25 1.3333333333 0.5454545455 0.7272727273 0.8
133 3 4 4 1.25 1.75 1.6666666667 0.3636363636 0.7272727273 0.4
134 1.25 3.25 2.25 1.25 1.5 2 0.6363636364 0.4545454545 0.4
135 2.5 3.25 2.5 3.25 2 3.3333333333 0.2727272727 0.3636363636 0.6
137 4.75 5 5 1.5 1 1 0.8181818182 0.6363636364 0.5
138 2.75 3.5 2.75 2 2 2.6666666667 0.4545454545 0.5454545455 0.4
139 4.25 4 4.5 1.25 1 1.3333333333 0.7272727273 0.8181818182 0.8
140 2 1.25 1.5 4 4.25 4.3333333333 0.2727272727 0.8181818182 0.4
142 2.25 2.25 2.25 2 1.25 2 0.3636363636 0 0.2
144 1.5 2.75 1.75 3 2.5 3.3333333333 0.4545454545 0.6363636364 0.4
145 2 1.75 1.75 4 4.3333333333 4.3333333333 0.9090909091 1 0.7
146 3.5 4.25 4.25 1.25 1.25 2 0.7272727273 0.8181818182 0.5
147 3.75 3.5 3.75 1 1 1 0.4545454545 1 0.8
148 3 3 3 3 3 3 0.8181818182 0.8181818182 0.7
149 4 3.75 4 1.25 1.5 1.5 0.7272727273 0.9090909091 0.7
150 2.5 3.5 3 1.25 1.5 2.3333333333 0.7272727273 0.7272727273 0.6
151 1.5 1.5 1.5 2.75 3.75 5 0.4545454545 0.8181818182 0.4
152 3.5 4.25 4 2 1.75 1.6666666667 0 0.6 0.5
153 2.5 3 1.75 3.5 3.5 3.6666666667 0.2727272727 0.7272727273 0.6
154 2.5 3.25 2.75 1.5 1 1.6666666667 0.6 0.3636363636 0.2
155 2.25 1.5 3.5 1.5 1 1 0.5454545455 0.3636363636 0.5
156 2.25 1.5 2 1.75 1.75 2 0.1818181818 0.2727272727 0.5
158 3.5 4.5 4 1.25 1.5 1 0.2727272727 0.5454545455 0.3
159 4.25 4 3.5 2.75 2.5 1.6666666667 0.5454545455 0.4545454545 0.3
160 3.5 4 4 1.25 1 1.3333333333 0.9090909091 0.8181818182 0.6
164 4 4 4.25 1.25 1.3333333333 1.6666666667 0.7272727273 0.7272727273 0.4
166 4.25 5 5 1 1 1.3333333333 0.8181818182 1 0.9
168 2.75 3.25 3.75 2.25 1.75 1.3333333333 0.2727272727 0.4545454545 0.5
169 4 4.5 4.5 1.5 1.75 1.3333333333 0.4545454545 1 0.3
173 3.5 3.5 2.75 1.25 1.5 1.3333333333 0.2 0.5454545455 0.3
174 3 4 4.25 3 4 3.6666666667 0.6363636364 0.5454545455 0.2
175 2 3.25 2.5 3.75 3.75 4 0.4545454545 0.4545454545 0.7
176 2.5 3 3.25 2.75 2 2.3333333333 0.3636363636 0.3636363636 0.1
177 3.75 4 4.25 1.25 1.25 1.3333333333 0.7272727273 0.8181818182 0.6
178 3.25 3 3 2.25 1.5 2 0.4545454545 0.9090909091 0.4
179 2.75 3.25 3.25 1.5 1.5 1.3333333333 0.4545454545 0.6363636364 0.5
180 2.75 3 2.75 2.75 2.25 3 0.5454545455 0.0909090909 0.2
181 2 4 3.25 2 2 1.3333333333 0.4545454545 0.4545454545 0.4
182 2.5 1.5 1.75 2 2.75 4.6666666667 0.3636363636 0.1818181818 0.4
184 1.75 2.25 2.75 1.25 1.25 1.6666666667 0.8181818182 0.8181818182 0.7
185 4 4.25 4.5 1.5 1.5 2 0.3636363636 0.3636363636 0.3
186 2.75 2 2.5 2.5 2.5 2 0.4545454545 0.7272727273 0.5
188 3.25 4.5 3 1.5 1.25 2.3333333333 0.5454545455 0.9090909091 0.5
190 3.5 3.75 4 1.5 1 1.3333333333 0.3636363636 0.3636363636 0.3
191 4.5 4 3.25 2.75 2.5 2.3333333333 0.6363636364 0.3636363636 0.4
192 2 2 2.25 4 3.25 3.3333333333 0.1818181818 0.1818181818 0.5
193 3.25 3.75 3.5 1 1.25 1.3333333333 0.8 0.8181818182 0.7777777778
194 3.75 4 4 1.5 2 1.6666666667 0.3636363636 0.9090909091 0.4
195 2 2.5 2 3.25 4.5 4.6666666667 0.2 0.5454545455 0.3
197 2 1.75 2 2 1.75 2.6666666667 0.1818181818 0.4545454545 0.1111111111
198 4 4 2.75 2.5 1.75 1.3333333333 0.5454545455 0.6363636364 0.5
199 1.5 1.5 2 1.75 1.25 1.6666666667 0.4545454545 0.6363636364 0.9
200 3.5 4 3.25 2.75 2.75 2.6666666667 0.7272727273 0.7272727273 0.7
201 3 2.25 2.75 1.5 1.75 2 0.7272727273 0.7272727273 0.6
202 1.75 1.5 2.5 2.25 1.5 1.3333333333 0.3636363636 0.0909090909 0.3
203 4.75 5 4 2 1.5 2 0.7272727273 0.8181818182 0.5
204 4 5 4.75 1.25 1 1.3333333333 0.8181818182 0.8181818182 0.4
206 3.75 3.75 3.75 2 2 1.6666666667 0.5454545455 0.9090909091 0.8
207 4.75 4.75 4.75 4.5 4.75 4.3333333333 0.6363636364 0.5454545455 0.7
208 3.5 4.5 3.75 1.5 1 1.3333333333 0.7 0.7777777778 0.7777777778
211 3.25 4.25 4.75 1 1 1 0.7272727273 1 0.8
215 3.75 4 4 1.25 1 1 0.4545454545 0.5454545455 0.7
217 3.75 3.5 4 4 4 3.6666666667 0.7272727273 0.2727272727 0.3
218 5 5 4.75 5 5 4.6666666667 0.9090909091 0.6363636364 0.7
219 2 3 2.5 2.75 3 4 0 0.2727272727 0.3
220 1.75 3.5 3.25 1.25 1.75 2.6666666667 0.2727272727 0.2727272727 0.5
221 2 3 2 3.75 2 3.6666666667 0.4545454545 0.6363636364 0.4
223 3 4.75 4 1.75 2 1.6666666667 0.7272727273 0.7272727273 0.8
224 3.75 4 3.25 1.25 1.25 1.6666666667 0.4545454545 0.6363636364 0.6
225 4.25 4.75 4.75 1.5 1.25 2 0.7272727273 0.9090909091 0.8
226 3.5 4 5 1.5 1.25 2 0.5454545455 0.5454545455 0.5
228 1.5 1.5 1.75 1.5 1.25 1 0.7272727273 0.8181818182 0.7
230 4 4.25 4.25 1.75 1.5 1.6666666667 1 0.9090909091 1
231 3.5 3.25 3.25 1.25 1.5 2 0.5454545455 0.6363636364 0.3
232 3.5 4 3.5 2 1.25 2.3333333333 0.3636363636 0.4545454545 0.5555555556
233 2.75 3 3.5 2.25 2 2.3333333333 0.2727272727 0.4545454545 0.6
234 5 5 5 1 1 1 0.7 0.8181818182 0.5
235 4.25 4 4.75 4.25 4.25 4.3333333333 0.3636363636 0.6363636364 0.7
236 2.75 3.75 2.25 2.25 2.75 2.6666666667 0.0909090909 0.6363636364 0.6
237 5 5 4.75 1.75 2 1 0.8181818182 1 0.8
240 4 3.5 4.25 1.25 1 1.6666666667 0.6363636364 0.7272727273 0.5
241 2.75 4 2.75 1.75 2 2.6666666667 0.4545454545 0.6363636364 0.9
242 2.25 3 2.75 1.25 1.75 2.3333333333 0.6363636364 0.5454545455 0.5
243 3.5 3.75 4.25 1.5 1.25 1.6666666667 0.2727272727 0.7272727273 0.2
244 4 4.25 4 1.75 1.75 2 0.4545454545 0.2727272727 0.3
245 3.75 4.75 3.75 2 1.75 1.6666666667 0.4545454545 0.6363636364 0.4
246 4 4.5 4.5 1.25 1.25 1.6666666667 0.8181818182 0.7272727273 0.9
248 2.5 2.75 2.75 1.5 2 1.3333333333 0.4545454545 0.6363636364 0.6
249 2 2.75 2.5 2.5 1.5 2 0.3636363636 0.1818181818 0.3
250 4.5 4.5 4.6666666667 4.25 4 3.6666666667 0.2727272727 0.3636363636 0.6666666667
253 2.25 2.75 3 1.75 1.5 1.6666666667 0.1818181818 0.0909090909 0.1111111111
254 1.5 1.75 1.5 1.6666666667 1.3333333333 2 0.4545454545 0.5454545455 0.3
255 3.75 4 4.25 1.25 1 1.3333333333 0.8181818182 0.7272727273 0.6
256 4 4.75 4.5 1.25 1 1 0.9090909091 0.9090909091 0.9
257 3.25 4 4 1.25 1.25 1 0.5 0.5454545455 0.2
258 2.5 2.5 2.5 1.25 1.5 2 0.3636363636 0.3636363636 0.3
260 2.5 3.25 2 2.5 3.25 4.3333333333 0.3636363636 0.5454545455 0.4
261 4 5 5 1.25 1 1.3333333333 0.9090909091 0.9090909091 1
262 2 2 3.75 2 1.75 2 0.6 0.6363636364 0.5
263 1.75 3 3 1.75 2 2.6666666667 0.7272727273 0.5454545455 0.6
264 3 4 4 1.5 1.75 1.3333333333 0.3636363636 0.4545454545 0.4
265 3 2.75 2.25 2.5 2.5 3.3333333333 0.2 0.1818181818 0.4
266 3.75 4.5 4.5 1 1 1 0.7 0.7 0.7
267 3.25 4 4 1.25 1.25 1 0.7272727273 0.5454545455 0.6
269 3.25 3.25 4 2.6666666667 2.25 3 0.4545454545 0.4545454545 0.6
270 4.25 4 4 1.5 1.75 1.3333333333 0.6363636364 0.8181818182 0.7
271 1.5 2.5 2.25 4.5 3.75 4 0.5454545455 0.7272727273 0.6
272 3.75 4.75 4.5 1.5 1.5 2 0.6363636364 0.6363636364 0.7
273 2.25 2.5 1.5 3.25 3.5 4 0.4545454545 0.4545454545 0.2
274 2.75 3 3.25 2.25 3 2.3333333333 0.4545454545 0.7272727273 0.5
275 3 3 3 1.75 1.25 1.6666666667 0.7272727273 0.9090909091 0.5
276 3.75 3.75 4.25 2 1.5 1.6666666667 0.4545454545 0.4545454545 0.4
277 4.5 4.75 5 1.25 2.25 1.6666666667 0.9090909091 1 0.8
278 3.25 2.5 3.25 1.75 1.75 3 0.4545454545 0.5454545455 0.2
279 4 4.5 4.75 1.25 1.5 1 0.8181818182 0.7272727273 0.5
280 3 3.5 2.5 1.5 1.25 2.6666666667 0.2727272727 0.7272727273 0.4
282 4 4 4 1.25 1 1 1 0.8181818182 0.9
283 2.75 3.75 4.25 2.5 2 2 0.2727272727 0.5454545455 0.2
284 3 4 4 1.25 1.75 1.3333333333 0.6363636364 0.7272727273 0.3
287 2.75 2.25 2.25 2.75 3 3.3333333333 0.4545454545 0.8181818182 0.4
288 2 1.5 2.25 2.25 2.25 2.6666666667 0.2 0.4545454545 0.2
289 4.25 4.5 5 1.25 1 1.3333333333 0.5454545455 0.6363636364 0.6
290 4.25 4.75 4.25 1.25 1 1 1 0.7272727273 0.6
291 1.25 1.25 1.75 3.5 2.5 2.3333333333 0.2727272727 0.2727272727 0.3
292 3.25 3.75 4 1.75 1.25 1.3333333333 0.4 0.7272727273 0.4
293 2.25 2.75 2 2.5 3 2 0.5454545455 0.5454545455 0.3
294 3.25 3.75 4 1.5 1.5 1.3333333333 0.6363636364 0.8181818182 0.7
295 3.5 4 4 1.25 1 1 0.7272727273 0.5454545455 0.375
296 2.75 3 3.75 1.75 1.25 1.6666666667 0.5454545455 0.6363636364 0.5
297 3.75 4 4.25 1.75 1.25 1.3333333333 0.9090909091 0.5454545455 0.5
300 2.5 4 4 2.5 1.25 2 0.4545454545 0.6363636364 0.4
301 3.5 4 4.25 1.25 1.25 1.3333333333 0.4545454545 0.5454545455 0.3
303 3.3333333333 4 3.25 1.75 1.75 1.5 0.2 0.4444444444 0.25
305 3.75 4.5 4.5 1.5 1.25 1.6666666667 0.4545454545 0.5454545455 0.3
306 2.25 3.75 2.75 1 1 1.3333333333 0.6363636364 0.7272727273 0.6
308 3.5 3.5 3.75 2 1.25 1.6666666667 0.5454545455 0.5454545455 0.2
309 1.75 2 2 1.25 1.5 1.3333333333 0.5454545455 0.6363636364 0.5
310 4 5 3.75 2.75 2 3 0.4545454545 0.6363636364 0.4
311 1.5 1.75 2 4.25 4 5 0.1818181818 0.4545454545 0.7
313 2.25 3.5 3 1.25 1.5 1.3333333333 0.8181818182 0.9090909091 0.7
315 1 1.75 1.25 2.75 1.75 1.6666666667 0.4545454545 0.6363636364 0.6
317 2.5 2.75 2.25 2 1.5 1.3333333333 0.4545454545 0.7272727273 0.5
318 1 1 1.5 1.75 1.3333333333 3.6666666667 0.4545454545 0.4545454545 0.5555555556
319 2.25 2.75 2.75 2 1.75 2 0.5454545455 0.6363636364 0.8
320 2.75 3.25 3 2.25 1.75 2.3333333333 0.2727272727 0.5454545455 0.2
321 2.25 3.25 1.75 1.5 1.5 1.6666666667 0.5454545455 0.9090909091 0.4
322 2.5 3.25 3.75 2 2 2.3333333333 0.4 0.1818181818 0.4
325 2.75 2.5 3 2.5 1.5 3 0.5454545455 0.6363636364 0.5
326 5 5 5 1 1 1 0.9090909091 0.9090909091 0.6
327 3 3.5 3.25 1.25 1.5 1.6666666667 0.2727272727 0.5454545455 0.4
329 3.5 3.5 4 1.5 1.5 1.6666666667 0.4545454545 0.6363636364 0.5
330 1.25 1.5 1 2.5 3.25 4 0.6363636364 0.4545454545 0.6
331 3.5 4.25 4 2 1.75 1.3333333333 0.6363636364 0.1818181818 0.3
332 1.75 2 1.75 2.25 3.25 3 0.1818181818 0.2727272727 0.2
334 4 4 4.75 1.25 1 1 0.5454545455 0.7272727273 0.4
335 2.25 2.25 2.25 3.25 3.25 3.6666666667 0.3636363636 0.4545454545 0.2
337 4 4.75 4.5 1.25 1.5 1.6666666667 0.4545454545 0.7272727273 0.6
338 3 4 3.5 2.5 2.5 2 0.3636363636 0.3636363636 0.2
339 2.25 3.25 2.25 3.25 4 4 0.4545454545 0.5454545455 0.3
340 2 2.5 2 2 1.75 2 0.0909090909 0.3636363636 0.3
341 3.25 3.75 3 1.75 2 3 0.3636363636 0.3636363636 0.4
343 3 4.5 3 1.25 1.5 1.6666666667 0.2727272727 0.6363636364 0.2
344 2.25 2.6666666667 3.75 1.25 1 1.3333333333 0.3636363636 0.5454545455 0.2
345 2.25 2.75 2.5 2 1.75 2.6666666667 0.2727272727 0.2727272727 0.1
346 3.5 3.25 4 1 1.25 1.3333333333 0.2727272727 0.4545454545 0.4
347 2.25 3 2.75 2 1.25 2 0.8181818182 0.8181818182 0.4
348 1 1.25 1.5 3.25 3.75 3.3333333333 0.2727272727 0.2727272727 0.3
349 2.25 3.5 3.5 1.5 1.5 2.3333333333 0.7272727273 0.7272727273 0.4
350 3.25 3 3.75 2.25 2 2.3333333333 0.6363636364 0.8181818182 0.5
351 3 2.25 2.5 1.75 1.75 2.6666666667 0.7272727273 0.6363636364 0.6
352 3 2.75 4 1 1 1 0.9090909091 0.8181818182 0.5
353 4 4 4 1 1 1.3333333333 0.6 0.1 0.25
354 2.75 3 2.75 2.25 3 3 0.1818181818 0.3636363636 0.5
355 2 1.75 3 1.75 1 1.3333333333 1 0.7272727273 0.8
356 3 3.75 2.75 2.25 2.75 4 0.3636363636 0.3636363636 0.2
358 3.5 5 4.75 1.25 1 1 1 0.9090909091 0.9
359 3 4.25 4 1.25 1.25 1.3333333333 0.8 0.7272727273 0.7
360 3.25 4 4 1.25 1.5 1.3333333333 0.7272727273 0.8181818182 0.7
361 3 3.25 3.75 2.25 1.75 1.6666666667 0.6363636364 0.6363636364 0.3
362 1.75 2 2 3 2.25 2.5 0.4545454545 0.9090909091 0.7
363 2.5 2 2.5 2.25 2.25 2.3333333333 0.3636363636 0.6363636364 0.6
364 2 2 2 2.5 2.25 1.3333333333 0.1818181818 0.2727272727 0.4
366 3.25 4.5 4.75 1.25 1 1.6666666667 0.8181818182 0.9090909091 0.8
367 2.25 2.25 2.75 1.25 1.25 1 0.5454545455 0.5454545455 0.6
368 5 4.75 5 2 1.25 1 0.3 0.6 0.6
370 2.75 3.75 4 2 1.75 3.3333333333 0.3636363636 0.4545454545 0.2222222222
372 2 3 2 3 2.5 3 0.2727272727 0.1818181818 0.3333333333
373 3 3.25 3 2.5 2.75 3 0.4545454545 0.0909090909 0.3
374 3.25 4.25 4 1.75 1.5 1.6666666667 0.4545454545 0.7 0.5
375 3.5 4 3.5 1 1.5 1.6666666667 0.8181818182 0.6363636364 0.5
376 3 3 3 1.25 1 1 0.9090909091 0.6363636364 0.7
377 3.25 3.5 3.5 1.25 1 1.3333333333 0.6363636364 0.3636363636 0.5
379 1.75 1.75 2 1.5 1.5 2.6666666667 0.5454545455 0.6363636364 0.5
380 2 3 2.25 2.25 2.25 2.6666666667 0.5 0.2727272727 0.3
381 3 3.25 3.25 1.75 1.5 2 0.2727272727 0.2727272727 0.5
382 2.5 3 2.75 1.75 1.75 2 0.5 0.5454545455 0.3
383 2 2.75 2.75 1.5 1.25 2.3333333333 0.4545454545 0.6363636364 0.4
384 5 5 5 1.25 1.25 1 0.8181818182 0.9090909091 0.8
385 2.75 2.5 2.25 3.25 3.75 4 0.1818181818 0.1818181818 0.3
386 3.25 3.3333333333 3 1.5 1 1.3333333333 0.5454545455 0.7272727273 0.7
387 4 4 4 1.75 1.25 1.3333333333 0.7272727273 0.9090909091 0.8
388 3 3.5 3.25 1.75 1.75 1.6666666667 0.3636363636 0.4545454545 0.4
389 4.75 5 5 1.5 1.75 1.6666666667 0.5454545455 0.8 0.5
390 2.5 3 2.75 2 1.5 2 0.5454545455 0.2727272727 0.4
391 3.5 3.75 3.5 3.5 2.75 3 0.4545454545 0.5454545455 0.7
392 2.5 3 2.75 2.25 1.25 1.6666666667 0.4545454545 0.7272727273 0.5
393 3 2.75 2.5 3 3 3 0.5454545455 0.6363636364 0.6
394 2.75 3 2 3 4 4 0.9090909091 0.8181818182 0.6
395 3.25 3.3333333333 2.5 2.25 2 2 0.3636363636 0.2 0.3
396 4 3.75 3.6666666667 3.25 3 3 0.2727272727 0.0909090909 0.4
398 3 3.25 3.25 1.5 2.5 2 0.0909090909 0.6363636364 0.2
399 2.5 2.5 2 2.75 2.75 4 0.3636363636 0.5454545455 0.5
400 3 4.5 4.25 1.5 1.25 1.3333333333 0.2727272727 0.2727272727 0
401 2.5 2.75 3 2 1.75 1.6666666667 0.2727272727 0.6363636364 0.1
402 3.5 4 3 2.5 2 1.3333333333 0.6363636364 0.4545454545 0.5
403 2 3 2.75 1.5 1.75 2.3333333333 0.2727272727 0.2727272727 0.5
404 3.25 4 3.5 1.5 2 2 0.4545454545 0.3636363636 0.3
406 3.3333333333 4.25 3.75 2 1.75 1.3333333333 0.7272727273 0.5454545455 0.6
407 3.3333333333 4.75 3.75 1 1 1.6666666667 0.3636363636 0.2727272727 0.5
408 2.75 3 2.75 2 2.5 3 0.7272727273 0.8 0.6
409 3.75 4.25 3.25 2 3 3 0.2727272727 0.6363636364 0.5
410 3.5 4 3.75 1.5 1.5 1.6666666667 0.0909090909 0.7272727273 0.4
411 4.5 4.5 4.25 1 1.25 1 0.8181818182 0.3636363636 0.7
412 3 3 3 2.75 3 2.3333333333 0.2727272727 0.5454545455 0.3
413 3 4.25 3 1.75 1.5 1.6666666667 0.4545454545 0.3636363636 0.4
414 4.25 4.25 3.75 1.5 1.75 2 0.6363636364 0.9090909091 0.4
415 4.25 3.75 3.75 4.5 4.25 2.3333333333 0.5454545455 0.5454545455 0.6
416 3.25 3.25 3.75 2 1.25 1 1 1 0.9
417 1.75 2 1.5 3.5 3 4.6666666667 0.7272727273 0.8181818182 0.6
418 3.25 2.5 2.25 2.25 1.75 2.3333333333 0.3636363636 0.5454545455 0.2
419 3 2.75 3 1.25 1 1.3333333333 0.4545454545 0.5454545455 0.5
422 3.75 3.75 4.5 1.5 1 2.3333333333 0.9090909091 0.8181818182 0.5
425 3.25 3.5 3 1.75 1.75 2 0.6 0.6363636364 0.2
426 2 2.5 3.25 1.75 2 3.6666666667 0.2727272727 0.3636363636 0.4
427 3.5 4 4.25 1.25 1 1.3333333333 0.4545454545 0.5454545455 0.3
428 4 4.75 3.75 1.25 1.6666666667 1.3333333333 0.2727272727 0.4545454545 0.1
429 3.25 3 3 1.5 1.5 2 0.3636363636 0.0909090909 0.4
431 3.75 5 3.5 1.25 1.5 1.6666666667 0.3636363636 0.8181818182 0.5
432 2 2.5 1.75 1.75 2.25 3.6666666667 0.4 0.3636363636 0.3
433 2.25 1.75 2 2.5 3 3.6666666667 0.2 0 0.2
434 2.25 3 2 2.25 3.5 4 0.7272727273 0.6363636364 0.6
435 2 2.5 2 2.25 2.75 2 0.2727272727 0.3636363636 0.3
437 1.75 2.5 2 1.75 2.75 2.6666666667 0.4545454545 0.7272727273 0.7
438 3.75 4.75 4.75 1.25 1 2.3333333333 0.4 0.7272727273 0.7
439 3 3.5 2.5 1.75 1.5 2.3333333333 0.5454545455 0.5454545455 0.9
440 3 3.5 4.25 1.5 1.75 2 0.5454545455 0.6363636364 0.6
441 3 3.25 3.25 2.25 1.75 2.3333333333 0.6363636364 0.7272727273 0.6
442 2 2 2 2 2 2 0.3636363636 0.3636363636 0.2
444 3 3 2.75 1.5 1.25 1.3333333333 0.8181818182 0.6363636364 0.5
445 3.25 3.5 4 1.25 1.5 2.3333333333 0.3636363636 0.4545454545 0.4
446 3.75 4.25 4.25 1.25 1.25 1 0.6363636364 0.6363636364 0.7
447 2.75 4.25 2.3333333333 2 2.5 2 0.5454545455 0.5454545455 0.5
448 4.5 4.75 4.75 1.25 1 1.3333333333 1 0.9090909091 0.7
451 3 4 2.75 3 3.75 3.6666666667 0.6 0.4545454545 0.5
452 3.75 4 4 1.75 1.75 2.3333333333 1 0.9090909091 0.6
454 2.25 3.5 3.25 1 1 1 0.7272727273 0.6363636364 0.6
455 2.75 3.5 2.75 1.75 1.75 1.3333333333 0.9090909091 0.7272727273 0.6
456 4 4 4 1.25 1.25 1.6666666667 1 0.8181818182 0.7
458 3.5 2.6666666667 3 1.75 2 1.6666666667 0.3 0.5454545455 0.7
459 4.5 4.75 5 1.25 1.5 1.6666666667 0.7272727273 0.9090909091 0.7
460 3.75 3.5 4 1.75 2.25 3 0.1818181818 0.3636363636 0.5
461 3.25 4 3 1.5 1.75 1.3333333333 0.4545454545 0.8181818182 0.5
462 3.75 3.25 3 3 2.5 2.3333333333 0.3636363636 0.2727272727 0.6
463 3.25 3.5 3.75 1.75 1.25 1.6666666667 0.3636363636 0.3636363636 0.3
464 1.25 1 1 1.75 2.25 2.3333333333 0.7272727273 0.8181818182 0.9
466 4.5 4.25 4.5 5 4.5 4.3333333333 0.6363636364 0.6363636364 0.7
467 3 3 3 1.75 1.75 2 0.2727272727 0.1818181818 0.2
468 2.5 3 3 1.5 1.5 2.6666666667 0.4545454545 0.8181818182 0.6
470 3 3.25 3 2.75 3.25 2.6666666667 0.4545454545 0.4545454545 0.2
471 4.5 5 5 1.25 1 1.3333333333 0.9090909091 0.8181818182 0.8
472 2.5 2.5 2.5 3 3.25 3.3333333333 0.0909090909 0.1818181818 0.3
473 1.5 1.25 1.5 3.25 3.5 3.3333333333 0.0909090909 0.1 0.1
474 2 2 1.75 2.5 2 2.3333333333 0.6363636364 0.7272727273 0.2
475 4.5 4.25 4.25 1.75 1.75 2.3333333333 0.4545454545 0.8181818182 0.4
476 3 3 2.75 2.5 2.75 2.3333333333 0.6363636364 0.7 0.8
477 3 3 3 3 3 3 0.5454545455 0.6 0.6666666667
478 2.5 3.75 3 2.5 2.25 3 0.2727272727 0.1818181818 0.2
480 3 3.25 2.75 1.75 2 2 0.5454545455 0.8181818182 0.8
481 3.5 3.75 2.75 2 1.5 2.3333333333 0.6363636364 0.6363636364 0.5
483 3.75 3.75 4 1.75 1.5 1.3333333333 0.4545454545 0.5454545455 0.6
484 3.5 3.75 3.75 1.5 1.5 1.6666666667 0.6363636364 0.3636363636 0.6
485 2.75 4 3.75 1.5 1.6666666667 2.6666666667 0.7272727273 0.4545454545 0.4
486 1.75 3 2.25 1.75 1.5 2.6666666667 0.5454545455 0.6363636364 0.6
487 3.75 4 4 1.25 1 1 0.8181818182 1 0.8
488 2 2.25 2 1.5 2.5 1.6666666667 0.2727272727 0.3636363636 0.3
491 3 3.25 4 1.5 1.5 1.6666666667 0.3636363636 0.4545454545 0.3
492 3.25 4.25 4.25 1.5 1.75 1.6666666667 0.7 0.8181818182 0.7
493 3.75 5 4.75 2 1.25 1.6666666667 0.6363636364 0.5454545455 0.4
494 4 4.25 4.5 1 1 1 0.7272727273 0.6363636364 0.7
495 2 2 3.75 1.5 2 1.6666666667 0.3636363636 0.3636363636 0.4
496 2.5 3.75 4 1.25 1 1 0.8181818182 0.8181818182 0.4
497 2.5 2.3333333333 2.5 1.75 2 1.6666666667 0.2727272727 0.4545454545 0.2
498 3.5 4.25 3.75 2.25 2 1.3333333333 0.3636363636 0.3636363636 0.4
499 3.5 4 4 1.5 1.5 1.3333333333 0.4545454545 0.3636363636 0.5
500 2 2.5 1.75 2 1.75 3.3333333333 0.5454545455 0.5454545455 0.5
501 2.25 2.25 2 2 2 1.5 0.5 0.4 0.3333333333
502 3 4 3.5 1.25 1 1.6666666667 0.3636363636 0.6363636364 0.5
503 3.5 3.75 4.75 1.5 1.5 1.6666666667 0.7272727273 0.8181818182 0.3
504 1.75 2.25 1.5 2.25 2.25 2 0 0.0909090909 0.1
505 3.75 4 4 1.25 1 1.3333333333 0.4545454545 0.5454545455 0.3
506 3 3.75 4 1.25 1.75 1.3333333333 0.8181818182 0.6363636364 0.3
507 3 3.25 3.5 1.25 1.25 1.6666666667 0.9090909091 0.8181818182 0.8
508 4.5 3.75 4 1 1 1.3333333333 0.7272727273 0.9090909091 0.6
509 2.25 2.5 3.25 1.5 1.25 1 0.1818181818 0.0909090909 0.3
510 4.25 4.75 4.5 2 1.75 1.3333333333 0.7272727273 0.6363636364 0.7
511 3 3.25 3.5 2 1.75 2 0.4 0.5454545455 0.4
513 3.25 3.75 3.5 1 1.25 1.3333333333 0.3636363636 0.8181818182 0.7
514 3.25 2.75 3.5 1.25 1.25 1 0.5454545455 0.5454545455 0.7
515 3.75 4.25 4.25 1.25 1.3333333333 1.3333333333 0.4545454545 0.2727272727 0.3
516 1.75 2.5 1.75 2.5 1.5 2.3333333333 0.3636363636 0.0909090909 0.2
518 4.25 4.75 4.5 1 1 1.3333333333 0.6363636364 0.8181818182 0.9
519 3.25 3.75 3.5 1.75 1.75 1.3333333333 0.3636363636 0.7272727273 0.2
520 3 3.25 3 2.25 1.75 3 0.8181818182 0.7272727273 0.7
521 3.5 3.25 3.75 3 2.75 3.3333333333 0.5454545455 0.4545454545 0.3
522 3.5 4 4 1.5 1.5 1.3333333333 0.4545454545 0.3636363636 0.4
524 4.25 4.25 3.75 2.5 2.25 3 0.3636363636 0.0909090909 0.2
525 2.75 3 3.25 2.5 2.25 2.6666666667 0.1818181818 0.5454545455 0.7
528 1.5 1.25 1.75 3.5 3.25 3.6666666667 0.4545454545 0.6363636364 0.3333333333
529 2 2.75 2.5 1.25 1.5 1.6666666667 0.0909090909 0.4545454545 0.3
530 2.75 3.5 4 1.75 2.25 2 0.4545454545 0.6363636364 0.3
531 1.75 1.75 1 2.5 2.75 3.6666666667 0.5454545455 0.5454545455 0.2
532 4.5 5 5 1 1 1.3333333333 0.9090909091 1 0.9
533 2.75 2.25 2.5 1.5 1.75 1.6666666667 0.2727272727 0.2727272727 0.1
534 2 2.25 2 2 2 2.6666666667 0.2727272727 0.6363636364 0.2
535 3.25 3.25 4 1.5 1.25 1.6666666667 0.3636363636 0.4545454545 0.2
536 4.25 5 4.75 1.25 1.25 1.6666666667 0.3636363636 0.6363636364 0.4
537 2.5 3 3 3.25 3 3.3333333333 0.7272727273 0.4545454545 0.7
538 2.75 3 4.25 1.25 1 1.3333333333 0.3636363636 0.5454545455 0.5
540 1.5 2.25 2.25 3.25 3.5 4.3333333333 0.2727272727 0.5454545455 0.4
541 3.75 4 4.5 1.5 1.5 1.6666666667 0.3636363636 0.3636363636 0.3
542 2.6666666667 3 2 2.5 2.75 3.6666666667 0.0909090909 0.4545454545 0.3
543 4 4.75 4.75 1.25 1.75 1.6666666667 0.5454545455 0.4545454545 0.5
544 3.25 2.75 3.75 1.5 1.75 1.6666666667 0.3636363636 0.6363636364 0.7
547 1.5 1.75 1.75 3 3.75 4 0.4545454545 0.6363636364 0.4
548 3.5 4 3.5 1.75 1 1.3333333333 0.6363636364 0.8181818182 0.7
549 3 4 4 1 1 1.3333333333 0.8181818182 0.8181818182 0.7
550 1.75 2 2.25 1.5 1.5 2.6666666667 0.5454545455 0.5454545455 0.2
551 2.25 3 3.5 1.25 1.25 1.3333333333 0.4545454545 0.6363636364 0.5555555556
552 3.75 4.25 4.25 2.5 2.25 2.3333333333 0.6363636364 0.8 0.6
554 3 2.75 2.3333333333 2.75 2 2.3333333333 0.3 0.5454545455 0.2
555 3.25 3.75 3.25 1.25 1.5 1.3333333333 0.4545454545 0.2 0.3
556 2.5 3 2.75 1.25 1.75 1.6666666667 0.2727272727 0.2727272727 0.2
557 3.25 3.5 3.5 1.75 1.75 2.3333333333 0.0909090909 0.7272727273 0.2
558 2.75 4.5 4.75 1.25 1.25 1.6666666667 0.5454545455 0.7272727273 0.5
559 3.5 4 4 1.5 1.75 2 0.7272727273 0.7272727273 0.5
560 3.25 2.5 2.75 2 1.75 2.3333333333 0.5454545455 0.9090909091 0.6
561 2 2.25 2.5 1.75 1.6666666667 2.3333333333 0.7272727273 0.4545454545 0.6
563 1.75 1.25 2 1.25 1.5 3.3333333333 0.5454545455 0.4545454545 0.5
565 4.25 4.75 4.75 1.25 1.6666666667 1.3333333333 0.6363636364 0.7272727273 0.7
566 4 4.75 4.5 2 1.75 2 1 0.9090909091 0.7
567 2.25 2.5 2.5 2.25 2.25 2 0.3636363636 0.0909090909 0.2
568 1.75 2 1.5 4.5 4.75 4.6666666667 0.3636363636 0.3636363636 0.2
569 2.5 3.75 3.5 1.5 2.25 1.6666666667 0.7 0.8181818182 0.4
570 4.75 5 4.75 1.25 2 2.3333333333 0.4 0.6363636364 0.1111111111
571 2.75 3 3.25 2 2.25 2 0.1818181818 0.3 0.3
572 4 4 4.25 2.25 2.25 2 0.6363636364 0.6363636364 0.6
574 4.25 5 4.5 1.5 2 2 0.4545454545 0.7272727273 0.3
575 3.75 4.25 4 1.25 1.25 1.6666666667 0.7272727273 0.7272727273 0.6
576 4.5 4.75 4 1.3333333333 1.25 2.6666666667 0.5 0.8181818182 0.6
577 4.5 5 4.75 1.5 2.25 2.6666666667 0.5454545455 0.5454545455 0.8
578 2.75 3 3.25 2 2 2.6666666667 0.0909090909 0.4545454545 0.4
579 1.75 1.5 1.5 3.75 3.75 4 0.1818181818 0 0.2
580 1.25 1.5 1.5 3.5 3.5 4.6666666667 0.5454545455 0.6363636364 0.4
581 3.75 4.25 4.75 2 2 1.6666666667 0.7272727273 0.8181818182 0.3
583 4.5 4.75 4.75 1.5 1.25 2 0.4545454545 0.5454545455 0.5
584 3 3.5 3.25 1.25 1.5 1.3333333333 0.4545454545 0.7272727273 0.3
585 2.25 2.25 1.5 1.5 1.5 3 0.3636363636 0.3636363636 0.2
586 3.75 4.5 4 1 1 1.3333333333 1 1 0.6666666667
588 3.75 3.5 4 1.5 1.25 2.3333333333 0.3636363636 0.5454545455 0.2
589 1.5 1.5 2 2.75 2.5 3 0.4545454545 0.4545454545 0.6
590 4.75 5 5 1 1 1 0.9090909091 0.9090909091 0.9
591 3 3.25 3 1.75 1.75 2 0.3636363636 0.7272727273 0.5
592 2.25 1.6666666667 1.75 1.5 1.5 2.6666666667 0.4545454545 0.4444444444 0.4
593 4 4.75 4.25 1 1.25 1.3333333333 0.8181818182 0.8181818182 0.9
594 2.25 2.5 2.75 3 3.5 2.6666666667 0.5454545455 0.5454545455 0.2
595 3 3 2.75 2.25 1.5 2.6666666667 0.2727272727 0.5454545455 0.6666666667
596 2.25 3.25 3 2.25 1.5 1.6666666667 0.5454545455 0.5454545455 0.4444444444
597 2 2.75 3.25 2.5 2.75 2.6666666667 0.1818181818 0.5454545455 0.5
598 3 3.3333333333 3.25 2 2 2 0.6363636364 0.8181818182 0.8
599 2.75 2.75 3.5 1.25 1 1 0.5454545455 0.7272727273 0.6
600 2 2 2.5 3.25 2.75 2.3333333333 0.1 0.5454545455 0.2
602 1.75 2 1.5 1.75 2.75 2.6666666667 0.5454545455 0.8181818182 0.2
603 3 3.25 3 2.25 2 2 0.6363636364 0.9090909091 0.7
605 4 3.25 3.3333333333 1.5 1.5 1.3333333333 0.5454545455 0.6363636364 0.4
607 2 3 2.25 1.25 1.75 2 0.3636363636 0.6363636364 0.4285714286
608 3 2.75 3.25 3.25 2.5 1.6666666667 0.3636363636 0.4545454545 0.3
609 2.25 3.25 3.5 1.25 1.5 2 0.6363636364 0.8181818182 0.8
610 2 2.25 1.75 2.5 2.5 3 0.2727272727 0.3636363636 0.2
611 1.75 2.25 2.5 1.25 1.75 2 0.4545454545 0.5454545455 0.3
612 3.5 4 3.75 1.25 1.25 2.3333333333 0.7 0.6363636364 0.5
613 4.5 4.75 4.5 4.25 4.25 4.6666666667 0.4545454545 0.5454545455 0.6
614 3 2.5 3 2.5 2.75 3.3333333333 0.7272727273 0.6363636364 0.7
615 3.25 3.25 2.75 2.25 2.5 2.6666666667 0.3636363636 0.6363636364 0.5
616 4.25 4.25 3.5 1.5 1.25 1.6666666667 0.8181818182 0.8181818182 0.8
618 2 2.5 1.75 2.5 3 4.3333333333 0.8 0.6363636364 0.6
619 3.25 3 2.75 1.5 2.25 2 0.1818181818 0.2727272727 0.3
621 4 4 4 1.25 1 1.3333333333 0.4545454545 0.4545454545 0.5
622 4.5 5 4.25 1.5 2 2 0.0909090909 0.3636363636 0.2
623 4.25 4.25 4.5 2 1.5 2.3333333333 0.6363636364 0.5454545455 0.4
624 2 2.25 2.25 1.5 2 3.6666666667 0.7272727273 0.8181818182 0.5
